-3.0792462483
-0.3175796672
-0.1962604929
0.5952339052
0.9157758682
1.1789162684
2.4486876093
4.746572532
4.8367297993
4.9337388349
5.2446638648
5.3818539106
5.4853802461
6.3885655451
6.5955284048
6.6226207087
6.7754534862
7.2603480325
7.7499171116
8.6481142172
8.8419168388
9.4436506777
9.5680718799
9.7021155967
9.9729175371
10.0659629393
10.1540114112
10.2356064713
10.3525692797
10.3798274387
10.4315523678
10.5564851511
11.631098339
11.9365571693
12.3831554622
12.7177219675
12.830336339
12.9207496054
13.7353530607
14.3663011013
14.5592916913
15.7379682001
15.9444706354
16.1927429615
17.2734631013
17.339664998
17.7320977933
18.488998711
20.1010360006
21.2617292547
21.8665662339
22.8347045571
23.2434332625

