att    meth    edges   initCoh   1coh 2coh 12coup 21coup
4	6	1	0.6	1	1	0.666667	0.75
4	6	1	0.733333	1	1	0.666667	0.5
4	6	1	0.6	1	1	0.666667	0.5
4	6	1	0.555556	1	1	0.5	0
4	6	1	0.333333	1	1	0.5	0
4	6	2	0.533333	1	1	0.666667	0.5
4	6	2	0.533333	1	1	0.666667	0.5
4	6	2	0.466667	1	1	0.666667	0.25
4	6	2	0.666667	1	1	0.666667	0.75
4	6	2	0.555556	1	1	0.666667	0.333333
4	6	2	0.333333	1	0.666667	0.666667	0
4	6	2	0.5	1	1	0.5	0.5
4	6	2	0.2	1	1	0.5	0
4	6	2	0.2	1	0.333333	0.5	0
4	6	2	0.416667	0.666667	1	0.4	0
4	6	2	0.416667	0.666667	1	0.4	0
4	6	2	0.333333	0.5	1	0.333333	0
4	6	2	0.4	1	0.5	0.333333	0.666667
4	6	2	0.5	1	1	0	0.666667
4	6	2	0.416667	1	1	0	0.111111
4	6	2	0.5	1	1	0	0.222222
4	6	2	0.366667	1	1	0	0.222222
4	6	2	0.5	1	1	0	0.666667
4	6	2	0.5	1	1	0	0.166667
4	6	2	0.416667	1	0.777778	0	0.25
4	6	2	0.366667	1	0.666667	0	0.2
4	6	2	0.388889	1	0.666667	0	0.4
4	6	2	0.366667	1	0.666667	0	0.2
4	6	2	0.222222	1	0.5	0	0.333333
4	6	3	0.4	1	1	0.833333	0
4	6	3	0.555556	1	0.666667	0.666667	0.6
4	6	3	0.277778	1	1	0.5	0
4	6	3	0.233333	1	1	0.5	0
4	6	3	0.466667	1	0.666667	0.5	0.4
4	6	3	0.333333	1	0.5	0.5	0.333333
4	6	3	0.388889	1	0.5	0.5	0.333333
4	6	3	0.555556	1	0.666667	0.333333	0.8
4	6	3	0.388889	1	0.333333	0.333333	0.75
4	6	3	0.233333	1	1	0.25	0
4	6	3	0.25	0.666667	1	0.2	0
4	6	3	0.233333	1	1	0.166667	0
4	6	3	0.2	0.5	1	0.166667	0
4	6	3	0.222222	1	1	0.166667	0
4	6	3	0.222222	1	1	0.166667	0
4	6	3	0.233333	0.75	1	0.142857	0.5
4	6	3	0.333333	1	1	0	0.666667
4	6	3	0.277778	1	1	0	0.125
4	6	3	0.208333	1	1	0	0.666667
4	6	3	0.3	1	1	0	0.333333
4	6	3	0.277778	1	1	0	0.111111
4	6	3	0.277778	1	1	0	0.111111
4	6	3	0.366667	1	0.833333	0	0.0909091
4	6	3	0.361111	1	0.8	0	0.0769231
4	6	3	0.333333	1	0.777778	0	0.125
4	6	3	0.4	1	0.75	0	0.2
4	6	3	0.333333	1	0.75	0	0.1
4	6	3	0.4	1	0.75	0	0.2
4	6	3	0.305556	1	0.75	0	0.2
4	6	3	0.333333	1	0.733333	0	0.0769231
4	6	3	0.3	1	0.666667	0	0.1
4	6	3	0.233333	1	0.666667	0	0.4
4	6	3	0.375	1	0.666667	0	0.285714
4	6	3	0.333333	1	0.666667	0	0.8
4	6	3	0.3	1	0.666667	0	0.1
4	6	3	0.277778	1	0.6	0	0.0909091
4	6	3	0.277778	1	0.6	0	0.0909091
4	6	3	0.333333	1	0.583333	0	0.222222
4	6	3	0.266667	1	0.583333	0	0.111111
4	6	3	0.266667	1	0.583333	0	0.111111
4	6	3	0.333333	1	0.583333	0	0.222222
4	6	3	0.25	1	0.555556	0	0.142857
4	6	3	0.233333	1	0.555556	0	0.285714
4	6	3	0.25	1	0.533333	0	0.0909091
4	6	3	0.133333	1	0.5	0	0.333333
4	6	3	0.133333	1	0.5	0	0.25
4	6	3	0.3	1	0.5	0	0.25
4	6	3	0.2	1	0.5	0	0.75
4	6	3	0.3	1	0.5	0	0.25
4	6	3	0.233333	1	0.5	0	0.125
4	6	3	0.233333	1	0.5	0	0.125
4	6	3	0.222222	1	0.5	0	0.25
4	6	3	0.277778	1	0.466667	0	0.2
4	6	3	0.291667	1	0.444444	0	0.333333
4	6	3	0.2	1	0.416667	0	0.125
4	6	3	0.194444	1	0.4	0	0.111111
4	6	3	0.194444	1	0.4	0	0.111111
4	6	3	0.233333	1	0.333333	0	0.285714
4	6	3	0.166667	1	0.333333	0	0.111111
4	6	3	0.133333	1	0.25	0	0.166667
4	6	3	0.111111	1	0.2	0	0.142857
4	6	4	0.533333	1	1	0.666667	0.5
4	6	4	0.4	1	1	0.5	0.75
4	6	4	0.25	1	0.166667	0.5	0.666667
4	6	4	0.2	1	0.111111	0.5	0.5
4	6	4	0.166667	1	0.0833333	0.5	0.4
4	6	4	0.466667	1	1	0	0.5
4	6	4	0.266667	1	0.777778	0	0.125
4	6	4	0.25	1	0.777778	0	0.25
4	6	4	0.166667	1	0.666667	0	0.4
4	6	4	0.3	1	0.666667	0	0.285714
4	6	4	0.194444	1	0.666667	0	0.142857
4	6	4	0.2	1	0.666667	0	0.4
4	6	4	0.277778	1	0.6	0	0.0909091
4	6	4	0.266667	1	0.583333	0	0.111111
4	6	4	0.266667	1	0.583333	0	0.111111
4	6	4	0.166667	1	0.555556	0	0.142857
4	6	4	0.166667	1	0.5	0	0.25
4	6	4	0.3	1	0.5	0	0.25
4	6	4	0.166667	1	0.5	0	0.75
4	6	4	0.3	1	0.5	0	0.25
4	6	4	0.277778	1	0.466667	0	0.2
4	6	4	0.222222	1	0.466667	0	0.1
4	6	4	0.222222	1	0.466667	0	0.1
4	6	4	0.222222	1	0.466667	0	0.1
4	6	4	0.277778	1	0.466667	0	0.2
4	6	4	0.208333	1	0.444444	0	0.166667
4	6	4	0.194444	1	0.444444	0	0.333333
4	6	4	0.194444	1	0.444444	0	0.333333
4	6	4	0.166667	1	0.416667	0	0.125
4	6	4	0.25	1	0.4	0	0.222222
4	6	4	0.194444	1	0.4	0	0.111111
4	6	4	0.25	1	0.4	0	0.222222
4	6	4	0.111111	1	0.333333	0	0.2
4	6	4	0.166667	1	0.333333	0	0.2
4	6	4	0.1	1	0.333333	0	0.25
4	6	4	0.166667	1	0.333333	0	0.142857
4	6	4	0.166667	1	0.333333	0	0.142857
4	6	4	0.166667	1	0.333333	0	0.6
4	6	4	0.166667	1	0.333333	0	0.111111
4	6	4	0.194444	1	0.333333	0	0.285714
4	6	4	0.111111	1	0.2	0	0.142857
4	6	5	0.4	1	1	0.5	0.166667
4	6	5	0.266667	1	0.75	0.5	0.142857
4	6	5	0.333333	1	0.75	0.5	0.142857
4	6	5	0.333333	1	0.666667	0.5	0.2
4	6	5	0.138889	1	0.6	0.5	0
4	6	5	0.166667	1	0.6	0.5	0
4	6	5	0.277778	1	0.5	0.5	0.166667
4	6	5	0.0833333	1	0.2	0.5	0
4	6	5	0.5	1	1	0.333333	0.5
4	6	5	0.333333	1	1	0.25	0.5
4	6	5	0.366667	1	1	0.25	0.333333
4	6	5	0.166667	1	0.5	0.25	0
4	6	5	0.166667	0.666667	0.666667	0.2	0
4	6	5	0.416667	1	1	0	0.5
4	6	5	0.366667	1	1	0	0.833333
4	6	5	0.433333	1	1	0	0.333333
4	6	5	0.233333	1	0.5	0	0.111111
4	6	5	0.111111	0.5	0.5	0	0.333333
4	6	5	0.194444	1	0.5	0	0.125
4	6	5	0.233333	1	0.5	0	0.111111
4	6	5	0.138889	1	0.444444	0	0.166667
4	6	5	0.166667	1	0.444444	0	0.333333
4	6	5	0.166667	1	0.416667	0	0.125
4	6	6	0.277778	1	0.333333	0.666667	0.333333
4	6	6	0.266667	1	0.75	0.5	0.142857
4	6	6	0.277778	1	0.5	0.5	0.166667
4	6	6	0.194444	1	0.4	0.5	0.142857
4	6	6	0.194444	1	0.4	0.5	0.142857
4	6	6	0.222222	0.75	1	0.142857	0.25
4	6	6	0.366667	1	1	0	0.222222
4	6	6	0.361111	1	1	0	0.333333
4	6	6	0.388889	1	1	0	0.166667
4	6	6	0.277778	1	0.777778	0	0.25
4	6	6	0.277778	1	0.777778	0	0.25
4	6	6	0.305556	1	0.75	0	0.2
4	6	6	0.266667	1	0.666667	0	0.285714
4	6	6	0.25	1	0.666667	0	0.1
4	6	6	0.266667	1	0.666667	0	0.6
4	6	6	0.361111	1	0.666667	0	0.166667
4	6	6	0.222222	1	0.5	0	0.25
4	6	6	0.25	1	0.5	0	0.222222
4	6	6	0.266667	1	0.416667	0	0.25
4	6	6	0.2	1	0.416667	0	0.125
4	6	6	0.194444	1	0.4	0	0.1
4	6	6	0.166667	1	0.333333	0	0.111111
4	6	6	0.166667	1	0.333333	0	0.111111
4	6	6	0.138889	1	0.333333	0	0.4
4	6	7	0.2	0.25	1	0.285714	0
4	6	7	0.194444	0.266667	1	0.222222	0
4	6	7	0.3	1	0.777778	0	0.25
4	6	7	0.366667	1	0.777778	0	0.375
4	6	7	0.25	1	0.777778	0	0.25
4	6	7	0.25	1	0.777778	0	0.25
4	6	7	0.25	1	0.583333	0	0.222222
4	6	7	0.233333	1	0.5	0	0.75
4	6	7	0.277778	1	0.466667	0	0.2
4	6	7	0.194444	1	0.444444	0	0.333333
4	6	7	0.194444	1	0.444444	0	0.333333
4	6	7	0.166667	1	0.333333	0	0.285714
4	6	7	0.166667	1	0.333333	0	0.111111
4	6	7	0.166667	1	0.333333	0	0.111111
4	6	7	0.166667	1	0.333333	0	0.111111
4	6	7	0.194444	1	0.266667	0	0.25
4	6	8	0.266667	1	0.333333	0.5	0.333333
4	6	8	0.222222	1	0.333333	0.333333	0.333333
4	6	8	0.25	1	0.555556	0	0.428571
4	6	9	0.4	1	0.666667	0.5	0.4
4	6	9	0.233333	1	0.555556	0	0.285714
4	6	9	0.25	1	0.555556	0	0.428571
4	6	9	0.25	1	0.555556	0	0.428571
4	6	9	0.194444	1	0.416667	0	0.25
4	6	10	0.266667	0.416667	1	0.25	0
4	6	10	0.3	0.5	1	0.222222	0
4	6	10	0.222222	0.333333	1	0.222222	0
4	6	10	0.388889	1	1	0	0.444444
4	6	12	0.333333	1	0.777778	0	0.5
